Beginning: 10 49 9 
Consumer 2-before: 10 49 9 
	    after: 49 9 
Producer 2-before: 49 9 
	    after: 49 9 34 
Producer 1-before: 49 9 34 
	    after: 49 9 34 37 
Consumer 1-before: 49 9 34 37 
	    after: 9 34 37 
Producer 2-before: 9 34 37 
	    after: 9 34 37 48 
Producer 1-before: 9 34 37 48 
	    after: 9 34 37 48 45 
Consumer 1-before: 9 34 37 48 45 
	    after: 34 37 48 45 
Producer 2-before: 34 37 48 45 
	    after: 34 37 48 45 20 
Producer 1-before: 34 37 48 45 20 
	    after: 34 37 48 45 20 19 
Producer 2-before: 34 37 48 45 20 19 
	    after: 34 37 48 45 20 19 22 
Producer 1-before: 34 37 48 45 20 19 22 
	    after: 34 37 48 45 20 19 22 45 
Consumer 2-before: 34 37 48 45 20 19 22 45 
	    after: 37 48 45 20 19 22 45 
Producer 2-before: 37 48 45 20 19 22 45 
	    after: 37 48 45 20 19 22 45 30 
Producer 1-before: 37 48 45 20 19 22 45 30 
	    after: 37 48 45 20 19 22 45 30 31 
Consumer 1-before: 37 48 45 20 19 22 45 30 31 
	    after: 48 45 20 19 22 45 30 31 
Producer 2-before: 48 45 20 19 22 45 30 31 
	    after: 48 45 20 19 22 45 30 31 8 
Producer 1-before: 48 45 20 19 22 45 30 31 8 
	    after: 48 45 20 19 22 45 30 31 8 39 
Producer 2-before: 48 45 20 19 22 45 30 31 8 39 
	    after: 48 45 20 19 22 45 30 31 8 39 14 
Producer 1-before: 48 45 20 19 22 45 30 31 8 39 14 
	    after: 48 45 20 19 22 45 30 31 8 39 14 5 
Consumer 2-before: 48 45 20 19 22 45 30 31 8 39 14 5 
	    after: 45 20 19 22 45 30 31 8 39 14 5 
Producer 2-before: 45 20 19 22 45 30 31 8 39 14 5 
	    after: 45 20 19 22 45 30 31 8 39 14 5 8 
Producer 1-before: 45 20 19 22 45 30 31 8 39 14 5 8 
	    after: 45 20 19 22 45 30 31 8 39 14 5 8 31 
Consumer 1-before: 45 20 19 22 45 30 31 8 39 14 5 8 31 
	    after: 20 19 22 45 30 31 8 39 14 5 8 31 
Producer 2-before: 20 19 22 45 30 31 8 39 14 5 8 31 
	    after: 20 19 22 45 30 31 8 39 14 5 8 31 28 
Producer 1-before: 20 19 22 45 30 31 8 39 14 5 8 31 28 
	    after: 20 19 22 45 30 31 8 39 14 5 8 31 28 17 
Consumer 2-before: 20 19 22 45 30 31 8 39 14 5 8 31 28 17 
	    after: 19 22 45 30 31 8 39 14 5 8 31 28 17 
Producer 2-before: 19 22 45 30 31 8 39 14 5 8 31 28 17 
	    after: 19 22 45 30 31 8 39 14 5 8 31 28 17 0 
Producer 1-before: 19 22 45 30 31 8 39 14 5 8 31 28 17 0 
	    after: 19 22 45 30 31 8 39 14 5 8 31 28 17 0 23 
Consumer 1-before: 19 22 45 30 31 8 39 14 5 8 31 28 17 0 23 
	    after: 22 45 30 31 8 39 14 5 8 31 28 17 0 23 
Producer 2-before: 22 45 30 31 8 39 14 5 8 31 28 17 0 23 
	    after: 22 45 30 31 8 39 14 5 8 31 28 17 0 23 10 
Producer 1-before: 22 45 30 31 8 39 14 5 8 31 28 17 0 23 10 
	    after: 22 45 30 31 8 39 14 5 8 31 28 17 0 23 10 31 
Producer 2-before: 22 45 30 31 8 39 14 5 8 31 28 17 0 23 10 31 
	    after: 22 45 30 31 8 39 14 5 8 31 28 17 0 23 10 31 36 
Producer 1-before: 22 45 30 31 8 39 14 5 8 31 28 17 0 23 10 31 36 
	    after: 22 45 30 31 8 39 14 5 8 31 28 17 0 23 10 31 36 23 
Consumer 2-before: 22 45 30 31 8 39 14 5 8 31 28 17 0 23 10 31 36 23 
	    after: 45 30 31 8 39 14 5 8 31 28 17 0 23 10 31 36 23 
Producer 2-before: 45 30 31 8 39 14 5 8 31 28 17 0 23 10 31 36 23 
	    after: 45 30 31 8 39 14 5 8 31 28 17 0 23 10 31 36 23 2 
Producer 1-before: 45 30 31 8 39 14 5 8 31 28 17 0 23 10 31 36 23 2 
	    after: 45 30 31 8 39 14 5 8 31 28 17 0 23 10 31 36 23 2 47 
Consumer 1-before: 45 30 31 8 39 14 5 8 31 28 17 0 23 10 31 36 23 2 47 
	    after: 30 31 8 39 14 5 8 31 28 17 0 23 10 31 36 23 2 47 
Producer 2-before: 30 31 8 39 14 5 8 31 28 17 0 23 10 31 36 23 2 47 
	    after: 30 31 8 39 14 5 8 31 28 17 0 23 10 31 36 23 2 47 44 
Producer 1-before: 30 31 8 39 14 5 8 31 28 17 0 23 10 31 36 23 2 47 44 
	    after: 30 31 8 39 14 5 8 31 28 17 0 23 10 31 36 23 2 47 44 9 
Consumer 2-before: 30 31 8 39 14 5 8 31 28 17 0 23 10 31 36 23 2 47 44 9 
	    after: 31 8 39 14 5 8 31 28 17 0 23 10 31 36 23 2 47 44 9 
Producer 2-before: 31 8 39 14 5 8 31 28 17 0 23 10 31 36 23 2 47 44 9 
	    after: 31 8 39 14 5 8 31 28 17 0 23 10 31 36 23 2 47 44 9 2 
Producer 1-before: 31 8 39 14 5 8 31 28 17 0 23 10 31 36 23 2 47 44 9 2 
	    after: 31 8 39 14 5 8 31 28 17 0 23 10 31 36 23 2 47 44 9 2 43 
Consumer 1-before: 31 8 39 14 5 8 31 28 17 0 23 10 31 36 23 2 47 44 9 2 43 
	    after: 8 39 14 5 8 31 28 17 0 23 10 31 36 23 2 47 44 9 2 43 
Producer 2-before: 8 39 14 5 8 31 28 17 0 23 10 31 36 23 2 47 44 9 2 43 
	    after: 8 39 14 5 8 31 28 17 0 23 10 31 36 23 2 47 44 9 2 43 38 
Producer 1-before: 8 39 14 5 8 31 28 17 0 23 10 31 36 23 2 47 44 9 2 43 38 
	    after: 8 39 14 5 8 31 28 17 0 23 10 31 36 23 2 47 44 9 2 43 38 17 
Consumer 2-before: 8 39 14 5 8 31 28 17 0 23 10 31 36 23 2 47 44 9 2 43 38 17 
	    after: 39 14 5 8 31 28 17 0 23 10 31 36 23 2 47 44 9 2 43 38 17 
Producer 2-before: 39 14 5 8 31 28 17 0 23 10 31 36 23 2 47 44 9 2 43 38 17 
	    after: 39 14 5 8 31 28 17 0 23 10 31 36 23 2 47 44 9 2 43 38 17 6 
Producer 1-before: 39 14 5 8 31 28 17 0 23 10 31 36 23 2 47 44 9 2 43 38 17 6 
	    after: 39 14 5 8 31 28 17 0 23 10 31 36 23 2 47 44 9 2 43 38 17 6 17 
Consumer 1-before: 39 14 5 8 31 28 17 0 23 10 31 36 23 2 47 44 9 2 43 38 17 6 17 
	    after: 14 5 8 31 28 17 0 23 10 31 36 23 2 47 44 9 2 43 38 17 6 17 
Producer 2-before: 14 5 8 31 28 17 0 23 10 31 36 23 2 47 44 9 2 43 38 17 6 17 
	    after: 14 5 8 31 28 17 0 23 10 31 36 23 2 47 44 9 2 43 38 17 6 17 50 
Producer 1-before: 14 5 8 31 28 17 0 23 10 31 36 23 2 47 44 9 2 43 38 17 6 17 50 
	    after: 14 5 8 31 28 17 0 23 10 31 36 23 2 47 44 9 2 43 38 17 6 17 50 27 
Consumer 2-before: 14 5 8 31 28 17 0 23 10 31 36 23 2 47 44 9 2 43 38 17 6 17 50 27 
	    after: 5 8 31 28 17 0 23 10 31 36 23 2 47 44 9 2 43 38 17 6 17 50 27 
Producer 2-before: 5 8 31 28 17 0 23 10 31 36 23 2 47 44 9 2 43 38 17 6 17 50 27 
	    after: 5 8 31 28 17 0 23 10 31 36 23 2 47 44 9 2 43 38 17 6 17 50 27 38 
Producer 1-before: 5 8 31 28 17 0 23 10 31 36 23 2 47 44 9 2 43 38 17 6 17 50 27 38 
	    after: 5 8 31 28 17 0 23 10 31 36 23 2 47 44 9 2 43 38 17 6 17 50 27 38 3 
Consumer 1-before: 5 8 31 28 17 0 23 10 31 36 23 2 47 44 9 2 43 38 17 6 17 50 27 38 3 
	    after: 8 31 28 17 0 23 10 31 36 23 2 47 44 9 2 43 38 17 6 17 50 27 38 3 
Producer 2-before: 8 31 28 17 0 23 10 31 36 23 2 47 44 9 2 43 38 17 6 17 50 27 38 3 
	    after: 8 31 28 17 0 23 10 31 36 23 2 47 44 9 2 43 38 17 6 17 50 27 38 3 2 
Producer 1-before: 8 31 28 17 0 23 10 31 36 23 2 47 44 9 2 43 38 17 6 17 50 27 38 3 2 
	    after: 8 31 28 17 0 23 10 31 36 23 2 47 44 9 2 43 38 17 6 17 50 27 38 3 2 35 
Consumer 2-before: 8 31 28 17 0 23 10 31 36 23 2 47 44 9 2 43 38 17 6 17 50 27 38 3 2 35 
	    after: 31 28 17 0 23 10 31 36 23 2 47 44 9 2 43 38 17 6 17 50 27 38 3 2 35 
Producer 2-before: 31 28 17 0 23 10 31 36 23 2 47 44 9 2 43 38 17 6 17 50 27 38 3 2 35 
	    after: 31 28 17 0 23 10 31 36 23 2 47 44 9 2 43 38 17 6 17 50 27 38 3 2 35 10 
Producer 1-before: 31 28 17 0 23 10 31 36 23 2 47 44 9 2 43 38 17 6 17 50 27 38 3 2 35 10 
	    after: 31 28 17 0 23 10 31 36 23 2 47 44 9 2 43 38 17 6 17 50 27 38 3 2 35 10 39 
Consumer 1-before: 31 28 17 0 23 10 31 36 23 2 47 44 9 2 43 38 17 6 17 50 27 38 3 2 35 10 39 
	    after: 28 17 0 23 10 31 36 23 2 47 44 9 2 43 38 17 6 17 50 27 38 3 2 35 10 39 
Producer 2-before: 28 17 0 23 10 31 36 23 2 47 44 9 2 43 38 17 6 17 50 27 38 3 2 35 10 39 
	    after: 28 17 0 23 10 31 36 23 2 47 44 9 2 43 38 17 6 17 50 27 38 3 2 35 10 39 14 
Producer 1-before: 28 17 0 23 10 31 36 23 2 47 44 9 2 43 38 17 6 17 50 27 38 3 2 35 10 39 14 
	    after: 28 17 0 23 10 31 36 23 2 47 44 9 2 43 38 17 6 17 50 27 38 3 2 35 10 39 14 45 
Consumer 2-before: 28 17 0 23 10 31 36 23 2 47 44 9 2 43 38 17 6 17 50 27 38 3 2 35 10 39 14 45 
	    after: 17 0 23 10 31 36 23 2 47 44 9 2 43 38 17 6 17 50 27 38 3 2 35 10 39 14 45 
Producer 2-before: 17 0 23 10 31 36 23 2 47 44 9 2 43 38 17 6 17 50 27 38 3 2 35 10 39 14 45 
	    after: 17 0 23 10 31 36 23 2 47 44 9 2 43 38 17 6 17 50 27 38 3 2 35 10 39 14 45 48 
Producer 1-before: 17 0 23 10 31 36 23 2 47 44 9 2 43 38 17 6 17 50 27 38 3 2 35 10 39 14 45 48 
	    after: 17 0 23 10 31 36 23 2 47 44 9 2 43 38 17 6 17 50 27 38 3 2 35 10 39 14 45 48 21 
Consumer 1-before: 17 0 23 10 31 36 23 2 47 44 9 2 43 38 17 6 17 50 27 38 3 2 35 10 39 14 45 48 21 
	    after: 0 23 10 31 36 23 2 47 44 9 2 43 38 17 6 17 50 27 38 3 2 35 10 39 14 45 48 21 
Producer 2-before: 0 23 10 31 36 23 2 47 44 9 2 43 38 17 6 17 50 27 38 3 2 35 10 39 14 45 48 21 
	    after: 0 23 10 31 36 23 2 47 44 9 2 43 38 17 6 17 50 27 38 3 2 35 10 39 14 45 48 21 38 
Producer 1-before: 0 23 10 31 36 23 2 47 44 9 2 43 38 17 6 17 50 27 38 3 2 35 10 39 14 45 48 21 38 
	    after: 0 23 10 31 36 23 2 47 44 9 2 43 38 17 6 17 50 27 38 3 2 35 10 39 14 45 48 21 38 49 
Buffer is full
Consumer 2-before: 0 23 10 31 36 23 2 47 44 9 2 43 38 17 6 17 50 27 38 3 2 35 10 39 14 45 48 21 38 49 
	    after: 23 10 31 36 23 2 47 44 9 2 43 38 17 6 17 50 27 38 3 2 35 10 39 14 45 48 21 38 49 
Producer 2-before: 23 10 31 36 23 2 47 44 9 2 43 38 17 6 17 50 27 38 3 2 35 10 39 14 45 48 21 38 49 
	    after: 23 10 31 36 23 2 47 44 9 2 43 38 17 6 17 50 27 38 3 2 35 10 39 14 45 48 21 38 49 48 
Buffer is full
Consumer 1-before: 23 10 31 36 23 2 47 44 9 2 43 38 17 6 17 50 27 38 3 2 35 10 39 14 45 48 21 38 49 48 
	    after: 10 31 36 23 2 47 44 9 2 43 38 17 6 17 50 27 38 3 2 35 10 39 14 45 48 21 38 49 48 
Consumer 2-before: 10 31 36 23 2 47 44 9 2 43 38 17 6 17 50 27 38 3 2 35 10 39 14 45 48 21 38 49 48 
	    after: 31 36 23 2 47 44 9 2 43 38 17 6 17 50 27 38 3 2 35 10 39 14 45 48 21 38 49 48 
Consumer 1-before: 31 36 23 2 47 44 9 2 43 38 17 6 17 50 27 38 3 2 35 10 39 14 45 48 21 38 49 48 
	    after: 36 23 2 47 44 9 2 43 38 17 6 17 50 27 38 3 2 35 10 39 14 45 48 21 38 49 48 
Final: 36 23 2 47 44 9 2 43 38 17 6 17 50 27 38 3 2 35 10 39 14 45 48 21 38 49 48 
Program ended manually after 30 seconds
